0.15124036	733865471148787101340214924168646856804085802524
0.1513185	196943872146576549611977129361867668418113226879
0.1513185	138769000962125671090559984463921500715629002144
0.1513185	1157977254017269000854734642388797721958697194062
0.1513185	1366383032741263863640803119975655062398768836516
0.1513185	29367743836369473873696929776859130650868915968
0.1513185	1027610195165416945029219514508850627522696834782
0.1516632	1449645485985617809196191036988587229746992708331
0.1516632	1410892735003988337600321637023432777426118688354
0.1516632	400268656510164265038440184970964460504720732226
0.15173	971428353022275534684719031289165192886193095840
0.15173	1396351108034168882637580173741491016885257414958
0.15173	1221250208109582300810754559926297294602581328259
0.15173	1183883504782611863689940269717520756945141259662
0.15173	980611658737349303404415560562156910321489592438
0.15173	923036222148566665425200029588933336537668859148
0.15173	404210947027445317501686939235903148375397349358
0.15181968	1107358347408074086845581562312949086722406456734
0.15181968	684519835249063525467536360345135761931904116763
0.15181968	693702649075012477764539644872954888664842168539
0.15181968	705379772623638191692942274372473004095126834020
0.15181968	1407448075073493575589334809332154255013834404051
0.15181968	711322896617831482193404169687102005467086565735
0.15181968	722126910037647036418876467993574767470637177133
0.15181968	1390852732187784808394153289010458067081564828766
0.15181968	967698351021820143890794739712738643998969377811
0.15181968	136945419516733557609515903513346306145072103329
0.15181968	204501377048031143286904396375068102503869584843
0.15181968	1368469519002919929983318941987989951586010162472
0.15181968	319519839475662510097878430401607551607701858452
0.15181968	54931799387465509879077189055068883270074232652
0.15181968	363616025258704079885978797743683458612990412635
0.15181968	1353760991776238995828345970888715162109888762126
0.15181968	1124681445170128581245333925062338428245770248438
0.15181968	791169813059247914220514837923665294227379389825
0.15181968	1346188934088440871237000001512419614054290753191
0.15181968	1343442065915782328002266440761629404302557565418
0.15181968	1319213612028666898582694912835879348745066001026
0.15181968	507590619204636001701462564962390499018339435266
0.15181968	1071402712720142930673816390212131437815846105026
0.15181968	506160329155093721701853515599650347222385122168
0.15181968	125332782656268934810946764607211132343343289919
0.15181968	892758729365006583656802400832101483471739887122
0.15181968	1207750880597229951079764017853802622024448483623
0.15181968	121896035541145795153596157745007538284494657056
0.15181968	1010466837465918305120100181570468429356268475
0.15181968	282626008349770166229581439504882465846110669551
0.15186378	19942347912460306364125813745959596313382707833
0.15186378	94431178512085623545639221022775293709003451145
0.15186378	1247985803691219129414444968281393789709949267090
0.15186378	13085659860066466877472949804719871370298617382
0.15186378	1355543244428684577959269819382495900167206294765
0.15186378	813381894743430527520081752186940174836326484101
0.15186378	29348688606227232720861780957391180310452845665
0.15186378	122175170645304477276183570801341822041226901621
0.15189758	716713434143645723455665640166171605591475387476
0.15189758	6919983107943231461612354808354419907804308363
0.15210305	707206826763294207626603338652310408428106186695
0.15210305	1024694053900942786767800009430803220405261396504
0.15210305	1320872516756161567638983052578931534661853490029
0.15210305	401867576712008483755991839595649946673768191736
0.15215397	573713002758964448973581063342397039297223344821
0.15217865	244036120763322610029499702631655346107245673964
0.1525411	531130040745976611198305638556965116145947835130
0.15261842	147770828276255750592311431110704866026606377928
0.15261854	1399572429755499810707097837358969340553591308224
0.15268204	1021456849063551770117474601598085547388660030768
0.15278105	1317313438666303567253070175235360196641429494026
0.15291257	1230302273209881160932373676282308607495611517522
0.153047	1252577844528175507120600669276365743860188601214
0.153047	946594859877602201108924432013955185394666720833
0.153047	1030217729910287826558793981771422732095206357805
0.153047	686695471586739616927325333942209592537071844482
0.153047	944638793493968128704893698967527522152857336360
0.153047	977155733475793146955718175158305760768577626778
0.153047	1207708685040515196716191081426161608445660068826
0.153047	1072717489287281553936152139227908119736178034201
0.153047	192336767195660109039006554300393749034623216948
0.153047	24174785759976279183939409606788892618304470293
0.153047	1301905667588510869090244845783378388237939711469
0.153047	636104469328912919011752152763451130606126737144
0.1531123	1343516123056192879474442153452136358718973692072
0.1531123	1206565340862376540093937704518967752493297596644
0.1531123	969004745324841524865671537122177841848061334132
0.1531123	1450299708741071466003857561173054849506801309391
0.1531123	746144817341288808431413683072410669442918619002
0.1531123	1431382135030340835443415953417744259031614306168
0.1531123	696694943761308884267500443108049942379424642839
0.15320614	469013847337617699711846596830575367100391546810
0.15329741	76951121584363289243674192947981734954948112775
0.15329741	1454878376304472191936237945661803783328307388005
0.15329741	453728741966507709655384044362626664690020318549
0.15331814	1228911831458510604886629357650203512077747099691
0.15332319	790004099308664076446616802459398217648833319582
0.15334904	1155693844590112225044757806261742574824432899863
0.15334904	261715180981777317414929495424546534775181705112
0.15334904	313083746084146014558429753295614566986694147867
0.15337501	1053136067098922246242515176993692351729786921105
0.15337501	332785550943247950982792138104948822353611226458
0.15337501	102113361618845268450937985311041990050460422476
0.15337501	1184797588507483559118537321391712574974882586117
0.15351607	828566615105877169872484808089422580638334872070
0.15355122	654730589732456639931248765462037555514943188173
0.15360911	1441784450812411684234903404058276961692981882064
0.15360911	851508172262054427124309531458297218265432337014
0.15360911	784127925679633697317479743551705300660365627341
0.15360911	1455460319145163323902286510159977132204116070018
0.15360911	686755513627298981609423146465307020159460483985
0.15360911	172828836496116498944800819479156424450824375018
0.15360911	365536006302440361831822661819991716780535792757
0.15363938	410638702209637197293291112523176074883340683481
0.15363938	649270311790713539381634090514001353293406469418
0.15363938	883030360063761272380351704294374066989171026217
0.15363938	494889870516365629624495709062518206359825404481
0.15363938	757974343149625123853385757034893628505468636661
0.15363938	106054197494846433036899515256020157606761010185
0.15363938	298931633139312959391534768783135948587772114406
0.15363938	506204749299261240341891323288815899013196996782
0.15363938	638070600471246182312402227830776653061747434037
0.15363938	19005640619019954634696724110331701136631711820
0.15363938	1063446475085738791011434663763264265964977144831
0.15363938	717307806264980068197515112385751055455824414063
0.15363938	1297591648837887530593290694831438714226758266147
0.15363938	191086210039332470688165515705226707079900590040
0.15363938	788286147792859143446740793370546286301909035451
0.15363938	1233937765073406468121115193227145390564743262114
0.15363938	1391974948358792175711700730879934216675660678331
0.15363938	1117188869137433350312689271270584498973562222552
0.15363938	830316260365385123028798347564145391575864849539
0.15363938	1076209314351184113967627128503684662524800848998
0.15363938	943359827253395517618261208664925821793930479743
0.15363938	81619082158715231495302861109372344352746430311
0.15363938	1126981857854900666669951853785861209116898984298
0.15363938	2228736114827935174822843571423413437358755380
0.15363938	662026828269576027489969845872769207841105007372
0.15363938	29003548283692797984448590391045070295880008253
0.15363938	620595326408403801031093236619021243237837700034
0.15365228	937443352496894533737023042546333130274549659555
0.15365809	145092689822755371091657054754956083060344627748
0.15375109	325587218052442068492668569648032145181131826122
0.15376659	980356744044650492990899148868667961639129446955
0.15377392	1255027064496555541290540965434092668471749170190
0.15380248	600562366995501262587463618802742765928079704967
0.15382427	5472873104071996624141045662681282291497028155
0.15382996	697301896189195988240184383888158380961078117429
0.15384729	1331380555720012557070296318619836942145574226266
0.15387957	1407850439853572848180121592893230858235510316566
0.15387957	1024326176129352093373657429594712701302031326774
0.15387957	423733916297651532584919213009115575782041408775
0.15387957	230352751743550316777823837318518328816582662849
0.15387957	1167797711004555126704816867143768048749462367132
0.15387957	590007533918880124476975881242881827177651993035
0.15399021	1380176937923416659968965161198586518589842398435
0.15403576	307251319320727187255633732542114410625464647126
0.15404859	723906289632516480403884721710765360862700554116
0.15409026	490248422020379848860357962778571850382554970018
0.15413664	232840400474691027317520001489788956034254344276
0.154164	563118467656969723080024328612516640103316630911
0.15423016	468238075766258499918105963346551678110221608364
0.15423833	992387801090187571689025104374206006484905021275
0.1542508	1054437977116997490557884667305619028303254890254
0.1542508	982709332367853309000528176961719932540862576271
0.1542508	307009715341685047782127615150395781526928865399
0.1542508	1050323169257408579047509673752712392570411606250
0.1542508	170212859820947586533464724638704997752848530498
0.1542508	990079804275911699826883619011856828682921865957
0.15425695	183975996032988559524743249509399924040356213330
0.15426713	1271188572828698729978391774706543654497253214840
0.15428297	861805054580252483684316073351122348647088927216
0.15431607	1004658695057084938583343456061607713478486012932
0.154347	118591441788769410290523391966279257711112552944
0.15441547	92538935011891255425635332209367169615160594125
0.15441547	314452660447080408522543369505364860692879414656
0.15441547	769110111496057320837925279363007931053984562552
0.15441547	649699608572651407174257995357291308876791390837
0.15444088	628701738031062884273564533535384342817030832160
0.1545197	16607794444884669266640328572874965859224891919
0.154537	709993954904956055092602720250287366633752344478
0.15454394	669928845380073624494241959614963391650932343922
0.15454394	87471752976990128884384621651651460517382596198
0.15454394	1245512640134614523066592709295487210128750304182
0.15454394	1013530260886738001940719167949606596213655302824
0.15454394	1274828713589043758735788097247687976758601580343
0.15454394	1055445466571365101609039490280672575797412504361
0.15454608	915990201316514154472062248523695402524362107464
0.15459016	231319904765821180188290229174014993090298570518
0.15460193	1276196364700316891236843153519808004222460590
0.15460894	486672161743340559402975241860040698230627412859
0.15464507	1412462738740995148362750283404088137640206641001
0.15468583	161026388941021474674126353114169615254862159165
0.15468583	978536293256672827936753301183542197251877489459
0.15477553	921981978097942655860829973811126206799625370483
0.15478912	87528531835775079574342541488290192765148671244
0.1548481	50684845161950907739778820253286296963672471557
0.15485953	259594409566762531730641830392246782640994148411
0.15489893	506809401768447675780163499579368897347577636962
0.15491721	41585060128487745801454448641731274298207950409
0.15494841	230528017461758178928500468155062007328425174974
0.15495911	993967375693263433178368842198318019717985217073
0.15496635	578516160477533759202521701269797938980574113968
0.1549818	1179874836246121294229216179133310184773887844268
0.15498991	1166041622474725173677244357824333848428324816574
0.15500319	1199842420108048653813399331298822570342356251886
0.15501152	157508885794505886425746529497723925848414683309
0.15503933	455613296253960575442711233388154078606477543233
0.15510722	600628078588549865422987788056019157577992432214
0.15512861	135747176972843451018145784503627017263065841325
0.15515663	909603925084323520552592823848169701088498327691
0.15516973	1345793651471144488830577998473574784214547663309
0.15517905	386284352274098861593228356111612004682477608212
0.15520659	1451709611890359208780466363748130733767988068027
0.15521033	357163645141857097049772129199379841764552408953
0.15521033	85210651592563346644909773575646199305460072356
0.15525512	1004583241558910126080313195189204481301622139675
0.15525807	46799457060990603764620712215450284568624450750
0.15527062	115147089621455282218894860557223814837833041349
0.15528575	927568948296439330488799263009929580884563184961
0.15529211	1385231543012099515276741757085721655812365355244
0.15529574	233261071019202103342518718580605279181797117027
0.15529628	466234631297669878929754786815592623586948404020
0.15530063	1389491690430694012417914647651806612599803714595
0.15532142	561082392247618282158763063570912697233259534069
0.15535022	1307320685015896673240327466913136639044100053076
0.15535443	212868425206422922404975631010188137969566892854
0.15535617	1286957542338839002595119909263560874760288021616
0.15535617	1013758634491268144032065878105905659231444135747
0.15535617	240705767234956811015506399485528728909727637511
0.1553721	467880231026238681255311166774940537937623214444
0.15537967	169492836635884129563606482651318728351545092748
0.15538155	1128309699087319076251393040623867903447408201107
0.15540703	81330428884199075651676369349934518655500646927
0.1554158	833531193133815666895977723012870470182635484927
0.15543082	964755730261016336771398446424915013977439196045
0.15545835	1437824802643746731743227574606967458435289982864
0.15546042	1216299695352855602202313104033908671689730652895
0.1554646	1091060049449230814569885132930570825250708879913
0.15546465	159935875240480417163903972059756270483923942991
0.15552188	1443644930944527604952130337819036136035129883492
0.15553406	934642970059694001235235545107340556825734776442
0.15553555	683456561307499779072115002310144678665848115691
0.15555066	645005252712080101220630272655964732541635573659
0.15557416	1354173480628029016198180330533465692567489460427
0.15559638	970159807788779660211300952134797020622093693966
0.15560636	1403837097315748278139137702870547875917288699337
0.15562387	848894606303844481467093451879382628453398222258
0.15562417	941395755802134204950465355092841412121835383346
0.15570134	47743213133880816766487995535290587504157310404
0.15571952	1373970266568659561966878211522479729132950539656
0.15572894	1403002158181628432445266652546121346414886526800
0.15573958	1070951760134666102354633408945088724674867743052
0.1557477	1087887534036982284711823546595033011735414066939
0.15575114	142022726217830440556229107745351153453959966331
0.15575114	118386506387796300297515584424746327139682668727
0.15575114	916997846993857556022646118940632336740318717811
0.15575114	1227224674486565365699021769412365615117902354033
0.15575114	892700027912102923231574604145175913500129385366
0.15575114	1256192509081519971241079199855255945959992470233
0.15575114	1301661039501217130586993716210694932507638045646
0.15575114	1301955217702382595885819516475655395175375337707
0.15575114	784252940275179127625535940977269582701995706675
0.15575114	716083005406793911908918293242453347525781556640
0.15575114	1114773978916159133641501402232007409319273878772
0.15575114	69804330849837957949374966064285507146892405818
0.15575114	668689660475327174465882339310384683975771351511
0.15575114	155828042548266174853144951603424602892874179951
0.15575114	5919257595264110151055265037433328327980441632
0.15575114	579436380535132735987820336825809437772306508650
0.15575114	198651577412316310465576744973873741195770049080
0.15575114	199357428208560852106622032623848696283438548387
0.15575114	211158358405426265948680412042796521492396775763
0.15575114	1056981200977435661287263930811246581528935316093
0.15575114	1061707911579046685114587885570421157664036185431
0.15575114	1067047487585210357641094991372083560047185097235
0.15575114	470695966775152076887961713366473661456131391553
0.15575114	268432898053155503031749095514876534657988825868
0.15575114	271714413166288383277670470561643249541231744848
0.15575114	307107294636180405722969914689710461482242326980
0.15575114	312624323998198327569834998923301225192496126630
0.15575114	313786425830520516695635843768083192655594510936
0.15575114	343254213453932615561407883515931255318826423168
0.15575114	372171878355059560563895143477362153893591431140
0.1557667	546395767061736243188977587150533616938295429040
0.15577906	284494610749523881857035647809460074614423583955
0.15581718	544680808060803806695957006900203564031534549372
0.15585051	909600588406145157419475083051680111665305416388
0.15585497	1173450224018954294097582873587054153614227065380
0.15586047	1268835762429720049875690263901169944144602074933
0.15586975	1446182431441874570917866220223896271028254921663
0.15588357	527076019926776846635995487089726052382571423603
0.15588742	76708346416012544693443664770788403932677333968
0.15589401	527949935619775960216971043452651451309563050321
0.15593898	206145811371650529590835480772787105485245641044
0.15594426	255845268648727268473381366304091088640381787791
0.15596749	893163376969286540667630194947598410917129836645
0.15598947	1294339213447341658067716649265231946706238192828
0.15601246	1041548214935324066259642580715914187631253645790
0.15602587	504446655084025043349196498378745946450025066093
0.15607305	922725827390668506914190985548790983410520581646
0.15612295	242515090380077893783001007240110183328660268394
0.15612295	172330215909814160392237257483806530008065380261
0.15612295	967584250662519823994465602383188561921447347031
0.15612295	19069170148644022862359847644300680814476202376
0.15612295	1243459187705616568199875032407737939539233608166
0.15612295	246047442604147808359297341223733622855819320023
0.15614016	1404549221758599745232568788906440725553415754902
0.156153	1318158501375587029235673936839810699848060544408
0.15616103	723545067395931351613344710427612304783084110327
0.15622693	874678895215681646374009499336188628479224108416
0.15623416	1275400305410996816973275661508363886836520477480
0.15624787	1056200584818403675237262070049052686288983861530
0.15627345	1442968362634880951746419676233335541710476523846
0.15630177	843813046036887980482808818262103260012983733185
0.15632412	1111578872800594487994230077109362730120853963714
0.15633625	254906486614107352804013029052752573890486721560
0.1563415	244593361561114070655773396334064138678111689343
0.15635674	1102424142681400314880080253002087919267969642088
0.15637195	431075361360869060624448307675992086127667158296
0.15641077	1208596700405492222419690497293119784477457205937
0.15641262	542489138832101890248576719792666771672517653261
0.15643467	1149853651018607744482309044239734051915665306588
0.15647063	917818799782656353280792993635540808817396053715
0.15648858	133912773685416533858059189058963967334613107007
0.15652534	639388110363117083771175296453942528958786572028
0.15656653	660402633224050401007577393239245345593452813271
0.15661068	322881285504121899508306569218326205973865679733
0.15662868	1302025084165141032399862055525606379796021593643
0.15663496	845727610582490527793183935107815264161893909448
0.15665932	451137735496853459693465703486555556027028930917
0.15673523	495446444318609363218657012532732953068546073892
0.1567857	338298108776528125980233230691146826061869005613
0.15678626	719782830018918564063821116573453803181378320239
0.15678805	1444782954786635052757033742409583054088503362161
0.156822	379062568015996599803960590361541294359469312134
0.15689623	1393433429171320486878764344760271421671094012591
0.15691441	411866355865868044605921618493507813601430195689
0.1570286	1177449199968825044454140655812980397074928265485
0.15702882	1374767959267750136236919572299038119574328790460
0.15705042	1276700086017235998350485229625633885750377495001
0.15712808	115714553414630272617332934505795702494297857125
0.15712808	1150790371307876343388976296145542359400518595942
0.15717511	981507310300833040028356718351472425616742504284
0.1572127	649222174726357604587230181522476970358439983493
0.15725519	89988568630411965564018147418931208536760814048
0.15726693	982064964403199303572207854695191008895112914074
0.15727088	601720556076458022334577327529111155003116998531
0.15727088	566440595034213367127844632282684951123694690042
0.15727615	489664848112209117324035287688150278274247147352
0.15729807	954141826829480202483904878799666402604590909733
0.15733641	925397984452440019186310719957879578759242628868
0.1573896	559680085222482131554165243814270224562109025162
0.15741725	21356271350999454875669408486053082588447511221
0.15744174	597694825582298645673970761191604951622055968246
0.15748386	1218609788724321310189641766178631301238096592617
0.15765847	137680722982808610903932429962757032384617756770
0.15769579	453914861496713474736700894963625668141157268106
0.15786414	806536106462337301881636590205460371702199031962
0.15787488	989648198972203717774103441869200883270267363948
0.15788445	295174652710676927171594872035730530268679934053
0.15788445	1299577778129447309267451286978931338226700690925
0.15789671	205957897937964581024499146660737184090062642463
0.15792067	610475316535691096604346106410695713189360574013
0.1579284	1326212067980831429633329401192701758070548145811
0.15798314	148431655465292125977229562931018374283475483461
0.15800714	976946432305426049164878046851895519432277423029
0.15804753	30756116396155352959410528275278731528612785872
0.15806127	342155605160706002766150806242385626251636032269
0.15806127	109503841818723806103312825125668559306975827833
0.15806127	244840512330317870423886324430795718403813767158
0.15806127	1441730472645981644346347639074732088386004271910
0.15806127	505233847041808830435126968550007028282054269589
0.15806127	1035603075102268107083837108812830967614631846585
0.15806127	831800229801851500399990344040833824918083123229
0.15806127	493523820675475156721768641534986248914313589170
0.15806127	634485192890367483962055287455226732522030424358
0.15806127	1039297515831240386461629880951431571700324678531
0.15806127	1405225028453958555393845248930395034128862794710
0.15806127	454940696818111955673962986496009855483368038945
0.15806127	1150005119547087187459800698776562076361368848167
0.15806127	1250532773690388331807418829343571664864234014081
0.15806127	264036812709090609044783596513786163078923566462
0.15806127	1165492820830335627654295009018808189687260209651
0.15806127	30176389029157077745381359949524581905154483465
0.15806127	1190329415218488852420623414697639144053677493305
0.15806127	468749372519621038146698627762138067023885736750
0.15806127	1006239251822396241428543910045712346625543799603
0.15809566	43655302672507025224515656108071050576764507881
0.15810962	1204105932178821682170050167023187648368736699780
0.15818551	1163414407585977953363856234282343472633109890287
0.15821265	510995771540504314680755037408668244961334287235
0.15821768	562779557138837450131646200433865435467900963978
0.15822218	213397730624004891895427380132470600916397142580
0.15822749	472216851482553825603297168303459770842471127574
0.1582694	933208795479657830395361624451940238626003264020
0.15829463	436302281441441437873485072265763330501100248712
0.15839012	318567852580609921808139045802654617792141183674
0.15839165	890942350468546828081431888555315227187038994499
0.15843299	522682247764568449927889593809638225870409693220
0.15843469	367227699908623853517891034130842996360227541027
0.15843995	765662326652647554260558171032445724931445883002
0.15849194	1025843677141740949509296447519859410835544418462
0.1584968	3454778081231922545529031743470787959426163336
0.1585199	840467245168004597724604715858540046994536040723
0.15853256	12464923177360942131522357497942010914638436872
0.15854892	602640715318553295692327995899834310217366388674
0.15855631	1116665759314567332041807568133391890471901478196
0.15859228	449541990828606119777955564922616544958950430823
0.15878057	459162397802627674352117024935890228983863663321
0.15884423	809155897748338271398399010915784431940657518100
0.15885232	371043226169705124720022090064943428013616528700
0.15885603	464354206118957031156748486489682901915975081462
0.15885954	1105316886067240401412716034793492303487514577743
0.15886062	186317712893962059331197873715915695253074502405
0.15893577	1201908291285371866520242359071781015015609180436
0.15903723	773108375884662692836985400308815241163987905267
0.15909423	264181820118275765381590789722159542047325278474
0.15909849	1284217173865233832012367487303328363591645803808
0.15910886	180402084032318988669983334467310935403545313903
0.15915488	1338597391082014074808184159913607215114164711452
0.159193	1264675992976073790205928371297075546440787442748
0.15921867	934662970837966344852627171720630700218577501241
0.15929686	446892720582210423550890885782891467359137004765
0.1593212	1128938191553464158446660288826092688822672434398
0.15933284	817221357639187804640616586621803482569561149920
0.15935019	470306452992735402852130557072793092491638980280
0.15936331	107576873693982720740977696747386521765688386722
0.15937765	1107789686411096102864365820821447101561057563784
0.15938212	852233275858619520121635128180226258860920473683
0.15944141	751215370196791115678131120613625959069677778892
0.15954356	690715946964658579300231776897668499638682888218
0.15954626	1355689748095298624832130431731403160811374597932
0.15958157	116108307575032024903869005537924579775183881702
0.15961629	938455714452557506852157233257061141559903490823
0.15976457	711272582773124985408348527917126275336205226169
0.15976457	441594032719690930552644847593563601041980905177
0.15976457	1366903642482196295520751564758319866292718747947
0.15976457	780964281966327625375405866721277902677752554774
0.15976457	268148912538430127725998327529671078115579133763
0.15976457	781350386830789474632468420135928069631585141640
0.15976457	710311009636747610274993268929879307207482330594
0.15976457	1415639174592015410035736253539999797928276413837
0.15976457	159912387946583040425366840707252384661805582815
0.15976457	1434887683871181848437356359895100171642494677045
0.15976457	241803784512520572723778764164657575439831687035
0.15977775	1159807054686549147706877851613728111312364351828
0.15985939	1307569168878438198392100263099642475827470459509
0.15985939	1214807425143810391845611334123257675876233902127
0.15997636	523583762255823778686395843454419613721768149765
0.16009966	405735687329584171855841398626844570551730632425
0.16011032	780401435319780965358689160907124532402996174218
0.16014178	1146064042656415017334788510499145022966185216966
0.16018946	166022268285916685064616542721706560362862320720
0.16021848	716607946158305192172282788510707024447702443464
0.16021968	301360994416931578565767588776062910660290651106
0.16022664	947598476493843192847343659851410240480986495715
0.16022664	1327240969701961501020989120613026149877796368379
0.16023138	1381917901812145720335308363375179854343740087890
0.16024686	702897931996882061326808911797557239504210657195
0.16024686	854669563510174729415692919768915771044148643059
0.16029763	860726919520516656182812214583355383002122309719
0.16030078	462209177879483789863889209300192734307869998440
0.16034402	349039944291142595736056986561311204005698153758
0.16037862	784357726425224610607027857418655224198766403599
0.16044922	1266823754485911881700889166166945371034031069029
0.16045964	583201573209183203249607250012224766047603412272
0.16045964	425290572624642756218754248369488375264637233107
0.16050869	987849706857011994165968989419975194507848854369
0.16055255	1140697715155346993824451403161669539498225653685
0.16061416	1364015382237426828120886097491912887686524301481
0.16062072	1113948675794245695906364671606228731512149010876
0.16071378	75500943051392656572919711436586206153825367084
0.16075313	798651329447922085539508755708097100317240709806
0.16088687	1008847727674430216819786169185466276556216967469
0.1610828	1100227555536749024883086537515335666828100518323
0.16108455	1445819256835905693003366764727392802506732766093
0.16110522	866339447786088089674393074424571651527456228928
0.16121368	1230802612132838847021711373462505140979953012486
0.1614184	1410420513550349701397599998714509663414997854622
0.16144715	657578267504289876886700385929608427007542125857
0.16147205	909447456336507234087802743709979727194122166056
0.16147503	122823003942920558675612526202848280683824342536
0.1615023	731656885094755140119775830211539234263503062863
0.16156042	576406316755987109629228637476666744944869244864
0.16157457	1076651305550437567201822937268598554073038403939
0.16165054	1201278235197314517579690572839757481789143251084
0.16175683	711165561157534489406728388502311595035522087847
0.16182053	786186184420677698126021435684625165142313093051
0.16182247	1236636208048448779209920301522049638499348705486
0.16188678	1184376293462322195238462281722053281436031113883
0.16197076	384903290922637511855986337144374377068335185277
0.16199633	155034924426243562709710885537409606077672410221
0.16203265	841358220911227297968378119899567102065357604274
0.16208899	589525386699547083820331929736386530233935274961
0.1621276	1134969761818694430009784930033842762455465014813
0.16219562	784395814832359614712840800407384557475415921452
0.16223364	1176088958077871918486093058834628998624932655027
0.1623228	943624753920322246562574397293588335028141179142
0.16233066	988709484183416920061639214581932397467390230281
0.16250916	428131489788862757257485147643616619558856163216
0.16252443	971619759984528619226304369140414438382489007724
0.16265348	658977126002299338611978603454207280344156712907
0.16274422	1328557216398350984515146304530038281665711041001
0.16277663	1155696438892833675790383017024751056914713304221
0.16279837	1272109300402999671114210836022735148603435466507
0.1628077	114501708222669463215957602439721226931906622235
0.1628077	580123796888141193883039170553624756266545499610
0.1628375	288514166828021803161011962329650571351018711923
0.1628375	189844147895486710829637969055251009988976902193
0.16287999	28085228027857006658001493723720526154135640707
0.16289103	450971708477776472658380656520661817591736187128
0.16293284	491493994362683076168544209940984521583412270291
0.16306789	976205593769373386120646903829227053684507262074
0.16308373	879689310373139056796153743852561913079030978933
0.16310048	704376143325004634638316208421515403162366900423
0.16311902	1311866508781737735040252142456738454954778669918
0.16313824	253405585850436212027853983001561372094709423259
0.16316397	1105951847592938028703019076651211604626116982857
0.16319156	246496352329384330563541052901945384056263720414
0.16324307	1226556809921514281115519662332944549705124751286
0.16328669	832358100580221601430993978966515074025765093910
0.16331558	1196293433350091181854280508821003538239131518580
0.16332434	667427989197617100917142069434539065240051405456
0.16337068	814492760424306484163668283664177934024489321634
0.16337976	1331324745857903840980796466908138477557378051620
0.1633841	686528109516714175838377803412744796015759379231
0.16341333	885619958851790759374207382615001099552913077457
0.16344513	630168515961018406063242428345602701361183043664
0.16348857	81950437781467779808194745804466905257319814920
0.16349685	1023376267215502722776742215976140584788745548220
0.16351359	864277865663840678883440192558468095064589153492
0.16352633	1041444456260253711635741890468142809831854377659
0.16357264	1233003820958303561523551793210345185185389105254
0.16358796	574177342871302866234226752841005013545679062432
0.16361144	887048801143434905450540461507228057690662273316
0.1636289	476726890750746229214738702966907378392624652582
0.16365343	1445271196837141408530811609715212792585629095442
0.16368772	896270145982997314774175631564242630196765930956
0.16368772	935826186773066576946386471118885688693207794354
0.16371925	1133273361161935430024692352389231641199115061409
0.16372311	466334353837881591171641353073827598017494039460
0.16373448	424106678810777948208012217603730465205765044374
0.16375968	1255972259266797139075895913783754438558707309339
0.16385727	586197616644744184999858667832253409077902180911
0.16400632	1391823219119725099477743655734712668515007972776
0.16405435	1194686465525331782390416547867140305429134878060
0.16405435	537258180080899954737565935243820989539419653585
0.1643121	444789842032478511619653578721013897999608926928
0.1643121	72647681923380580370667665114257466128378984018
0.16439717	546580480805673242270531045002654247709135682191
0.16455169	1444556126413880835261836919459341113975274050951
0.1645659	1344034325019648660006183124859825157148342101642
0.16457587	91285702263890242335571193874064864906571514569
0.16458738	841861174019178595873469798750414945398130964388
0.16459934	527060365492646287163774543616955714599507902916
0.16459934	454543936062725484736234580928781521137245869223
0.16463384	1031356387375345796055905258232130448111881128314
0.16466755	1048771909715273933300571053296590536285509020764
0.16466755	992557294146759191857429917080673611517336260419
0.16468413	543050437320466267822114698390114775862912408747
0.16475227	1264495257243604909431318440371169740827560116519
0.16475385	1418805353581769020212705565486055929894410605535
0.16483732	573563670661075174989317741659980464404143380970
0.16487448	75972995343715452640396987675230436058986553790
0.1649707	410021458026916454391451840018451228129113048107
0.16510595	1369927625900606175962749266289904806883798618942
0.16513914	1010413684522013661434477258506623190222350394472
0.16514805	1377430807139923710740379111970082544170516905017
0.16531889	364055063256597823017843069728852298349249079512
0.16544947	164129249118428705756355028833185853571262333093
0.16551475	951596434496190278504014090186104556498546177820
0.1656963	351284164753853185735612761423827957277232849602
0.16571634	342695257922514359383765677485727806779760069609
0.16597202	798420549374182992425569726763192762802652317798
0.16607289	221488778524912035356040285418212588227717082921
0.16612256	8543105653319777860572334256614913324516380728
0.16612256	524797195652472833054850012809056278252644629249
0.16612256	116722250419447926740268218747003959295443252862
0.16619821	394808114994970025803985420546733350186908865861
0.16644013	1189308834697130782791980861029411567145242005391
0.16654181	278873971442313568274967462909624321859899709606
0.16664737	1017123277145253788308978333536792779892065876314
0.16670567	745252223479809601967062635668699051914799107677
0.16672607	843938295068669716223588007257127252696860272736
0.1668799	892416323218505073880912540210930010917078239242
0.16687992	1337144186297015921315940147317722393119458784940
0.16687992	1271751130299788327870649168957108866861449968240
0.16688988	485153838525244668279036137309961691385181168647
0.16699767	43981929757588871107405456966313176225057480964
0.16706601	1109460405574038121046634789540958508977753683202
0.1672033	361180533274270580035227038955545281854317775201
0.1672033	1207992799714901545847465923360826901234684734258
0.16725346	1391571199506410009640507998400280968778062932223
0.16750406	1387486462787756229152427514043643868289271327226
0.16760682	1162796375355894164296247947070122637831972552803
0.16767836	655733745159782683114075818361347405778572034619
0.16769564	1223228980230480586175151551990878209022348005790
0.16789155	780243307172877060064900835538595842989647230116
0.16834399	875503698723904023571435103915183638558929101553
0.16834797	293272716715838292813934113765581434888077815580
0.16842914	1254275722697452899990951559933922266782121821308
0.16851051	1350402329465243025098773132361045044161532135341
0.16863716	1217742209566832598712816723436561010723161347886
0.16883904	791262416641388948268550338424200244624509769251
0.16894563	698780303872362954100953868050406269235415766837
0.1691584	749302098328137128585042682294281084997990538826
0.16926917	1276138802018152427763715432325791605863369687261
0.16928361	746039544197013962191388763450619563657030279292
0.16929722	725242408791432820326526501330141760979772109455
0.16959067	1193560219342563845679418212019425970080719903544
0.16962798	1102342768907900103915814465131266610394635742927
0.1698229	1169265017948009845687624042098005504004543493557
0.16999707	884711073866619308635180869640391700053722265135
0.17006029	47491671190161959657413251083042026333014845730
0.17009649	408728122907571548740743812969431197906184688443
0.17010908	849467310162079587686143047170450137775802835356
0.17044356	1391252480602872538180768516996550044343001091572
0.17057043	1378551760089380327217144664081873550371453612298
0.17082457	1175253694755846816714232539641409009599259247829
0.17083712	468744756584981916244962331165873030936389475861
0.17122726	394116876181295627142056100530681351558596051105
0.17157742	1239719038317152873664977396503934804418241790924
0.1717884	108071745500439196634780759741355226894584892300
0.17211564	304823445263633657268238411014274843178769957739
0.17227365	524948487887035167452464149012118335165227873242
0.17231058	810042466429298326599066004726363136381661363525
0.17245105	634521329169808721246598290166842051007583234402
0.17262752	1298547851965730262033586283705275227176855632120
0.17343043	112420785027292620827425082093635544379662422146
0.17351669	746742713259861992177438904000928915491566790631
0.17422746	236746642505657098785373012276351346588840167136
0.17422748	1232364545532536260001526250889059171518405167848
0.17422748	915975610721785162036239629672813980934240134528
0.17444412	369120102014267507281784726093783027019781317174
0.17469318	868414130032644754795699959280440277260976662370
0.17469318	1411201678981953913971950109663263931593652022756
0.17494304	386609027518017459262488430237874407818833327776
0.17514832	871085317805782312213597251368831168456556925283
0.17543206	593344626036641039855992408966529773801123277535
0.1756681	1414452755526230614600431235768095737651065306262
0.1756788	957114812989594323449957170173438743111612323719
0.1757234	825382602643466537405633340923810127678197272481
0.1757234	463519412543086848016816660830904130694573839833
0.17598748	611220915774120863259275013172437509674078614092
0.17598748	365559101919343670482486235323693466598740472895
0.17598748	1255694044865506648664186122106272732929167856824
0.17614657	814790954445929943444017936487831876719896773956
0.17615151	422211456608696885757666632578027337146188947786
0.17628759	378547338448786483501043016758129432447199436861
0.17640437	794874127784144627363883408470678715256510693813
0.17640437	615787218147784114316610203358599776168807493490
0.17649688	702770509145921318402228937298572210393308416846
0.17655222	1186288776932463223675910661476249625100992046940
0.17655388	1350919450470792599958530683693634544007705159405
0.17655388	1019092880526313398736886026964862505971373346465
0.17655388	83412106892403942580229103133954798878516575382
0.17669025	893111410040453351728891531833983908725920940615
0.1767737	130335709655707682613148194925192167656139206605
0.1767737	154351947991183774791441991098155700585425189428
0.17696983	801413966840624589919109187177216023507291733992
0.17707214	1055479688877341525686405276941263522095510125530
0.17717482	446231925910092756340627201236031152680415920930
0.17778862	704065281780339509638428589924427368713976777429
0.17793052	1110451993175702285116199494924089821260278679980
0.17808132	754358520183357764591796838588797121125084242035
0.17823935	956814202168656827462540107834687944989427728571
0.17831984	238313801920818882830103772321093752689911633126
0.17832763	239080112922697667654626964710556434966257599105
0.17838295	1427417452598180744800228439203656227999771016942
0.17853624	1135699388065384963111916640399436070370317804444
0.17864172	94768513510534098468521349344485315942907887024
0.17867856	863673476424774607138200599045629941103168915523
0.17900524	255291517800940671098465573253243394341817382856
0.17932646	581299191259606277697273292084965662603281615180
0.17965075	1277679487162993411203609458578104303730027008771
0.17978887	802485728778775390140012538245817710069440333596
0.17978887	472838679920810441872101053887695967484899827759
0.17981003	949012558171485137484034446378677805992634070997
0.17981003	927663600403161628445968604967879784604625573713
0.17981003	495796387741542337082347203825742951389126354604
0.17981003	238659007578973046104689906178668456924531110880
0.17981364	215896365440386497582329853921384815906599387272
0.17982036	580752392141816368991553135159068690414441551793
0.1798305	538895625795126780388488429715716432636898646413
0.1798405	584696389674044687142976768445961434577008111592
0.17984554	468566643363353713235282316722064427914727217730
0.17985034	1259187549308477863807240719408893721572809800497
0.17986001	722377767671479227587421337786016570265880979480
0.17986001	671773786346842236753577138751819346336505279028
0.17986001	895390076201338191415068993072193545099939385715
0.17986955	84760987515070610840818266739882142856318968696
0.17987892	1091780161366820133422703887630357371899672665873
0.17987892	1304290747204100688185693716460071996460132319756
0.17988816	273135736049330333314886856527875587404279055971
0.17989725	37045225913426665509988343865964067265984350128
0.17989725	785561532162462785332123658864720434963595933028
0.17992373	519338423236170719128373440016103420882413234776
0.17996931	1025100717567143901359216571170992973334677046849
0.17996931	1147506509814164881490279026756003756564377997595
0.18001139	1324998134607977377289978044831537951611735924296
0.18002592	1231030671544877880622064146030501661408468526555
0.1800605	383451779910553703688029839613951462068458961018
0.1800605	1317278781137899918184572818816217862408219459920
0.1800605	272093681076462337134436372819722628561008590074
0.18008667	301825156486610360629557599579733921207745308955
0.1801647	1409293358744347400768931504009258791640438622878
0.18053198	1223485473474747280973848383221901854311667636744
0.18091407	1042524650109844245318585972015266397093157876746
0.18230575	1116969203249320067427953501029530011411373795067
0.18230575	143311736738028141175316576933543873613588122307
0.18230575	1134829978700017751928070059689758429999765946094
0.18230575	1272994516132844741793948266134842285817362808201
0.18230575	633929654511733231233177578961246316361347362090
0.18230575	1021378949008066198091963953391274652106786756252
0.18230575	546206001243573036798916958904367197797573595788
0.18271026	527689273626918080706492171336414229809799053944
0.18281886	972856111763794601631041123905015447962940479053
0.18288098	713775383606776275661588514252912925780759733533
0.18291748	1413762644866301085005144225625636377138547112434
0.18317232	34129572172627109814707526463834945314599030960
0.18325803	329293516223581889523267351970157249597187422401
0.18338774	588381369765613762605353670064402639619801680197
0.18338774	1149669642181518103109195633448307236742735399809
0.18355258	717656080903650465445444081597715230215346353414
0.18382765	1192180976149034140019712003011333393467811671975
0.18510875	463517531228388835306924205351880882861622615759
0.18519393	246749438101066999260696770842889741672132897413
0.18554449	1026256298503504886111414091630531561646632025492
0.18572158	1438893226394309851560606695649992341561110204070
0.18640375	866770282700517765506218951315910709886744611177
0.18668553	950287883894028756670052598865847501271587554732
0.1868453	242818984996469440930610341582609450019742734603
0.1868453	1146512103845042492422754147501070064135279230818
0.1868453	39067531756612438213585330020347760073836206053
0.18684532	1127431085565628263348998463671681120139880045242
0.18684532	226177580447774384965221774885908071542764774922
0.18684532	551110498728216062718326938497921011577375158290
0.18686423	666930969828715232434121395448055742826920186636
0.18686424	28821167579179926188818398264594170363910507959
0.18688275	748191410245534251133896181392951633567593006725
0.18688276	731450790675291373043568730611779350203867545804
0.18688276	424220745906537994990967520433200890798924254842
0.18690088	567291117522493983624888374316333731556966873544
0.18690088	1340128256925228497280080667761439574003391506488
0.18690088	607062057082026083313902494038025136057078540534
0.18691863	126478358353915969641080770911339553404313279137
0.18693602	1135163056824064358759956248459213084605455308215
0.18695304	261772834175364047162047764810859150974168017938
0.18695304	417560948761353376587686794900528049773719771494
0.18695305	1193242581159859571772065007240218530290981274456
0.18698832	953835138384463410838949279474773106086842781
0.18700211	635282392762473545771972767342948843072991676371
0.18718648	899328777626358413100915721264993274899399638745
0.18723185	279600958221709169053669086037108947463970571002
0.18746784	979437682768479455051092342910056029358132241007
0.18763731	701280019454162825323647384725694474088664595003
0.18763731	125570024758149339341803332715449586505986942394
0.18763731	424090338657257836637433191098278923824829728168
0.1876612	1387443280596132221306437938028742267051524872603
0.18826517	664681616699567973207839104805103041790593275673
0.18843696	370635495210391128585496981705913073911154946602
0.18884265	436804464439012188431898362636209922516456757266
0.1890387	516768935414143226567210685079400410739412451618
0.1892252	988994556071187909410223087533465920231122025071
0.19016863	403277252500337492566795402011254501761085972363
0.19040352	682372400300784619121617990915632500445835410688
0.1915758	184472561127071781495280262862358268197374701728
0.191891	729642395352026709062932399770571831436725449399
0.19323795	189403677774604462768776768895761731779718185705
0.19395182	824506809742898788077375125705202897782645522911
0.19544229	469037447731728130333263599386991212751449222874
0.19593003	77442725602684127411015834083557096218907543195
0.19639808	274524414050888812211211285401604875958909580322
0.19655076	1015026706991664175148715548144324082855492613602
0.19705361	1010091015659252186529758095881303310789466598594
0.1973472	187001380409040782785488797538803777638286132058
0.19863325	1020398972876520350851111187645386664099183817479
0.19875479	971033493786412645179985231157081306756098826677
0.19912969	846100754097889284114184209429650612097372530954
0.2003046	367532146658429744884091514012274295230361003316
0.20040397	1109986704645084555451478354673705402434581437638
0.20074734	5529951695837548435223266120559154868750072991
0.20074734	930084281345714455782339621326802640405259809392
0.2007871	930191344134668891069431451030921041102544295223
0.20082566	480457954791237208795001529302044049302620848473
0.20082566	1362984896506245770111246495478396409086040567239
0.2008995	997529273983071711899506136358816908016308902519
0.20093486	16389259408501644234852038628078744555552926467
0.20096922	1211344338036721369921201825504044952078782296817
0.20097455	508217157334893958666933028593804502424527227946
0.20106682	54970543884805896875190302534486279016462466200
0.2011854	706150711740400689810500893494664468414574552108
0.20126675	688648560056616371943246880772488097224136585565
0.20126675	972940581801673167620540616058317760813959060488
0.20155978	1042324726497783967045521261024933223102647527790
0.20163445	956930621580053090077474373735505031860235170308
0.2019568	278959042661988597711334414097812606954302424119
0.2020361	129285470169043739099424997804296088196086456844
0.20205718	10011080210660834722926423945636447143920588795
0.20214456	1092612258777785902138190271578151016026990935487
0.20216247	122717484970420051007891279020309197978926840974
0.20221326	375843845027042357234908042923724575268094694888
0.20222926	521054121823310028874631760515962262026439866332
0.2024929	523668649851353604395437347204663772298146652696
0.20252943	1456861693409804651601361585563564838978290443779
0.20256315	154865411170643368515027785478053335732238319509
0.2026568	297881899951292691864042399239241139540774419392
0.20266001	569629751655874407181397625344541845280822813321
0.20268457	111340162813702020794879905881829855237616097482
0.20275187	172493031783830929562157762275690421558116736441
0.2027591	163782525554734750518364918072605904230055442262
0.2028255	587747271848749516142821352943886839623022038975
0.20286492	766594833986606676694538139060696687371433140663
0.20286824	1396620694955998775367194695347437587526454364883
0.20286988	5332941246974370276656210933892163239681657210
0.2028993	1268921877198146110141946974809162265721080985940
0.20291075	1281913102704722343376457542341118331783791646843
0.20307763	1224621379822985375663073322563141582199439407933
0.203478	143776979519408333790261172261465658481412045118
0.20403755	826519054007216464044010968476056940514445851917
0.20467941	891947162058657705753892562188349098719931452784
0.20633584	689182563441724948301873259573935002214463544750
0.20798883	1102772637283350256951394802752042518603421826931
0.20811802	48741594994784225940431315493600240328271881957
0.20821007	550760627137224538937363195571474520576053571344
0.21012104	531260922657132700682848576344662936674206085063
0.21096596	606830250095872788630917069953198164234537282295
0.21222231	441219871453677736016130143993247589489289049689
0.21258914	85047470490466811163214990141325176069369817493
0.21258914	57302483406189774672504140995940058447906848412
0.21258914	847259440011640500754441576731441711195177916759
0.21465224	366118376043012662842750144611774639845270066749
0.21468495	965975026038888023462201008530987271365620202439
0.22107463	638168016590760554777737684549612580162607534361
0.22123422	1190406918000888030955648107339868533510209606021
0.2213012	724307559847720593136730912065023304359195907653
0.22139122	1194641438498356622515643141908129097506012216512
0.2218418	1280902711880268441686381871645251256707110526600
0.22235373	459137933877502429025039439279064899106797694715
0.22349682	1081423230483988136189755791119743723914287527766
0.22508791	1398999539235597588735156459295394843910092729913
0.22520298	199499842173598363728292749934105898120174770754
0.22677794	998679845170085407734078970921508272562619758090
0.2278084	699975702531361995946082939589936886333170589744
0.23043853	86850715271143547272345695229209429721121036060
0.230825	647784890085055176785012919137654140841063356353
0.23356792	23915378549188818178465369623969663533361477346
0.23625445	1009289044243603464958475400015121036651736381814
0.23732471	624336226199515735925882479860143337894695587466
0.24540047	1124690254667836343800415156440573504147810871254
0.2479215	338319586095895841897794083448082713677956740770
0.25232673	160123054362300855396113884568279279757141628045
0.2540795	1325967736999619422565314806785251627762906406025
0.25694007	868228556397884188361053608665380426382427737934
0.25972936	1273983934633973467814341552424362801951473154517
0.26293862	1419279636129857644785500142794983943003259750704
0.267612	397140934830907244247056580923303356738643589670
0.27200103	358014377116318460379920374471889092188504761643
0.2752585	519985881368537360362597645534089374241629886791
0.27636424	1012477387926192639809898213994284183012399816018
0.2764734	1408905420954346015568470819846956366650416554448
0.2764734	328673885028308707400165266369884744830217395338
0.28145635	346920160199721742993855637553445413071173916095
0.28263116	503338289097171192998609275183617796188351208326
0.28519684	111485640364007903876429945562327524578949415093
0.299175	1185765644664381820328668630884687376535315724071
0.29985464	653475984252646836237967997330495706171495385327
0.2998801	360098055887250058750625431505882030455780912358
0.29994774	1061193162196617304743887213131597426010464194104
0.30238682	722763905057510429355623521163414307769026683396
0.30253306	135151810597534494857499459653691090946901310980
0.30359718	1066363890569781841831529888503428094915794345437
0.3040566	854171903279938782951384870875787634360011824925
0.30940646	644732396787965494212736993215009192014457817846
0.3101495	1411764311829004647980159196609015990727326318483
0.31051588	929356364116817568102466412885504052871954705280
0.31183475	475857678222425540835159320863676037504356214318
0.3122282	1248803100450384056616426821956050651453138247919
0.31245056	976530453678151371949090502918765235882711641025
0.3124506	1003639771390999607091943095929795441898487585650
0.3124506	501900750344280584626472357675105449798895951924
0.31285003	532186390918132450617653804037164377020924378963
0.3137821	66073293662547311289726806915013294154183426917
0.31444162	45683737785364272590045364684167090312475572839
0.31657228	852440839873821365497241440199679420505454400287
0.31749642	361408813448941996100858221158560150928245652244
0.31804913	551306642169963501500907835136016701315176165909
0.32495588	210168715912002620388133127364883109659501161409
0.3290868	1095368345151335768104308465333200782544245747601
0.3357328	1356706539196393708585337810013433954907790661278
0.33908877	1417113938383850272580760219336879673961818491309
0.34279183	844035644189771030513668969104599988240056180285
0.3462025	1443717569336445431163333671549981810008666573530
0.35008788	1307246148740888893908263904810316269623377616704
0.3508687	1028530918543292859497039596261155381461582704768
0.35283327	305836010455361245662078796565932164557610113522
0.35330713	520338655836799533077239509855358766576318743359
0.3561358	740773569647519229456599460721268979777322905061
0.3715842	1204496982706302179808853868655469710859275718734
0.376535	891095042621682980917114095608552780332722467584
0.3924253	1430707048937061311254805348415649540638718235100
0.3928826	682997614799150807903132015785560186577725679067
0.40068606	878409171239222063110967429195563302140770614245
0.40068612	189503380776194410901222061097122894028883542948
0.40068612	857746889217940983701217561446576560058150241325
0.40068612	1099758106727078514242649837573275861660819046696
0.41057184	1365468314268460869278390353002324576180382065375
0.41278297	1004182718830455759840611500309007292995428497533
0.4165137	831749513545635343183113226079781749542101129953
0.44881946	37670490429540803991304532985788618365917032312
0.44942433	640693895050723205272135896407799408759986935501
0.4521691	381580727816143342323906192602562307110178664176
0.4573358	290798842864600815180291814854763269162036465137
0.46036553	284219441737763438404509008870602844784979665213
0.4639106	331597722053837627298445110766631948605015298282
0.46694228	473616588813958842340699389282468282260759785975
0.47372118	945678584320129436854980555153971362902190448350
0.49975047	675301758200812593178950910946110485545363019121
0.5114086	593935886529562314116985373469427126071176263186
0.5179715	1089181446538180742823783520132581925988821738256
0.52098155	563944043886448597738743431408877279099743152689
0.52355427	197767291809911147597403514589420534800846753687
0.5666913	108330930780550787594330245904335550177061931768
0.62483394	663450463422522146714894952892545294221464748345
0.62807655	1046503543399360465890120496505782404015465310111
0.66782624	1081276462420161533076716910404343840030803807720
0.67980754	810249700820774706790114319132313990084213527649
0.68172127	1025121587795909408997284775935283434591546892245
0.6818583	935760237260935446877155964658177656632507939800
0.6826335	1266885908037184358802249236285281898865893491070
0.6828778	126162671542460861472595858274145458053422893621
0.6830011	540231861189684812718709532003522673626656088176
0.6861096	445504088229728993479568052736360056126983116374
0.6878415	153770710678971115697714889723115113030682592090
0.6880438	23866452040214340945835040100755185311626093118
0.6923271	27499723092582519200025190062443093766682776649
0.84748864	740456209103164250544695645838450514498441579798
0.9799148	114828468422289985434600422287915022492366080872
1.0274099	93899896302863524706258207044428607929015368978
1.0346226	349219891904744876735624125417190524579692260097
1.0612859	478265070481920712437327189905938532370961602507
1.0810267	879609983356874336225534020091119481764540470087
1.2524961	226087087694436433516651712427825954415409143237
1.3407959	927596459058485904867434362585282770364182056478
1.4184165	931476842902618081388646696112219277116728238483
2.8155265	1186134420694456806575795969186823386951733289141
